149 45 40
90 29 257
295 70 70
65 62 60
95 225 49
325 100 67
90 45 495
112 160 37
104 95 80
115 148 75
173 65 75
250 160 300
169 60 84
115 106 100
100 50 55
120 120 127
160 200 117
250 76 30
40 92 175
200 50 180
100 117 130
59 94 63
55 69 80
20 40 127
63 95 75
50 1250 80
40 145 135
44 70 47
42 33 70
350 85 90
120 100 145
75 250 150
65 159 65
159 200 60
46 150 69
26 190 50
65 80 125
71 150 80
70 80 43
210 133 50
100 47 99
150 50 80
200 47 44
67 60 50
245 29 180
189 41 60
120 123 339
125 30 54
75 92 130
55 35 75
50 180 89
93 289 85
80 150 100
35 175 113
69 50 105
55 100 109
500 150 125
34 260 68
250 200 200
125 199 68
37 60 300
87 500 160
145 40 50
60 40 70
100 172 75
118 240 73
58 60 34
60 125 79
55 165 45
70 93 49
65 140 700
100 125 295
120 75 75
30 127 60
165 59 100
105 58 125
30 30 146
52 35 62
43 32 88
80 149 169
85 395 60
100 50 35
99 75 60
46 175 120
179 1000 120
2000 2500 69
98 100 117
115 45 149
8500 175 80
125 125 99
115 96 150
67 225 36
62 35 175
32 39 60
110 47 59
30 139 70
110 81 85
68 95 80
409 60 400
80 66 200
50 95 29
60 90 240
162 46 31
100 159 50
70 35 59
150 80 200
225 225 100
96 60 60
300 145 335
75 80 155
100 150 120
225 175 75
89 55 100
60 60 77
50 250 80
43 99 43
43 60 52
110 60 26
46 200 150
80 65 130
90 75 40
47 450 150
110 101 135
55 51 39
37 37 37
75 25 130
479 150 89
220 175 36
49 135 84
60 170 126
100 55 159
90 90 30
325 250 550
70 80 150
80 83 80
50 60 40
165 130 65
50 60 42
158 174 65
380 110 145
77 99 89
98 305 75
70 68 450
40 75 50
200 290 50
175 125 96
250 135 140
45 75 220
186 70 175
55 95 640
278 125 150
65 43 250
285 65 85
120 165 39
39 40 250
140 60 250
200 135 120
48 200 55
86 130 112
70 275 150
175 378 150
65 85 57
46 190 70
60 125 175
100 245 68
85 95 110
74 53 45
125 95 45
250 300 148
55 47 250
115 55 140
240 140 120
200 50 49
175 180 70
400 199 194
500 105 70
50 187 250
53 50 100
65 110 36
40 185 175
65 42 25
72 45 77
120 70 35
200 70 100
179 110 374
133 175 42
350 200 65
55 150 115
75 62 139
150 75 45
90 113 100
186 60 34
72 42 250
120 120 107
137 163 153
120 137 120
163 153 137
120 208 153
163 110 400
65 360 120
95 50 65
26 189 60
150 400 90
400 245 100
125 220 49
55 250 110
45 100 175
81 75 37
32 200 120
150 70 40
108 91 140
212 105 147
205 92 139
100 55 80
75 40 400
205 70 80
220 215 119
44 199 190
45 60 178
750 175 49
130 135 100
325 150 100
45 75 30
130 75 105
75 150 89
57 800 50
325 300 219
150 99 100
250 150 112
175 95 100
220 227 280
750 55 165
200 159 200
93 125 100
105 99 69
47 50 120
210 84 89
90 222 100
227 220 172
550 800 162
175 149 149
190 600 96
125 166 45
75 30 70
300 200 160
300 90 375
100 50 89
60 100 65
100 125 100
35 85 86
30 600 99
50 270 195
110 80 85
125 190 75
55 35 48
129 139 129
400 240 85
105 600 110
280 75 50
40 60 375
30 45 100
67 200 65
110 49 39
199 65 45
196 65 47
110 240 45
225 200 45
171 70 170
125 45 150
106 80 50
50 90 60
154 80 65
65 149 66
150 2990 69
30 65 31
120 140 55
50 60 179
45 187 50
179 249 182
40 60 50
175 195 40
60 75 40
150 115 72
95 100 75
250 1000 60
163 75 48
100 125 339
40 60 339
65 269 269
269 300 180
200 63 65
300 100 95
190 300 231
125 45 64
150 50 115
29 50 105
40 50 199
49 105 50
45 95 47
100 65 105
50 175 195
225 75 45
125 75 60
148 50 150
1000 135 140
159 50 44
49 600 70
295 200 49
175 45 35
180 100 155
80 70 38
70 38 75
120 200 160
28 210 37
120 77 80
150 124 30
65 65 55
90 225 48
39 88 159
99 40 35
115 620 75
37 200 75
50 120 95
80 50 55
48 100 99
74 65 158
40 119 325
215 120 65
90 230 188
140 60 95
100 175 45
70 60 95
70 119 120
115 125 45
89 75 240
199 40 100
60 45 50
175 60 99
70 260 159
60 100 78
180 80 250
50 118 42
69 42 100
110 155 150
119 89 399
275 150 140
199 65 100
103 649 85
79 96 70
57 274 250
90 100 412
412 412 50
148 120 41
70 90 99
10 69 54
35 39 82
40 148 60
130 95 65
20 190 60
55 49 100
52 35 45
41 275 265
250 130 55
365 70 30
225 650 95
500 244 750
46 40 140
1500 140 199
80 69 188
100 235 165
55 65 70
125 90 56
394 172 100
80 142 220
264 150 200
45 150 160
135 55 50
89 49 185
180 70 450
110 125 72
80 44 45
71 60 65
300 99 79
339 58 90
175 158 145
60 99 80
85 115 52
280 250 55
100 195 80
100 55 120
300 339 140
53 21 125
47 180 58
58 150 120
47 288 65
300 104 160
250 186 73
195 200 100
300 150 190
75 81 25
275 60 180
90 222 95
70 125 173
220 148 75
199 54 150
153 99 65
50 45 100
62 77 46
95 159 300
103 200 102
350 425 45
168 40 55
150 79 65
70 199 45
70 60 194
59 49 65
165 80 175
95 100 95
54 299 45
250 120 105
299 130 90
62 70 225
95 288 149
95 150 200
150 175 180
70 100 79
350 75 235
39 300 50
130 130 250
120 450 47
115 100 120
65 79 89
300 220 265
300 150 150
150 46 68
55 65 70
65 310 88
50 250 80
80 130 130
100 250 200
54 65 120
95 50 299
138 42 175
85 74 65
47 85 975
130 70 70
179 300 150
99 125 170
89 50 90
80 168 100
118 150 120
175 190 195
112 450 200
45 150 99
100 50 220
123 110 120
110 85 299
55 47 55
130 40 150
70 180 90
120 145 100
150 125 60
150 190 145
50 95 91
145 100 35
120 69 50
290 50 545
200 180 10
47 175 75
45 275 23
95 199 130
161 65 60
165 69 100
89 55 37
80 80 37
40 60 90
245 175 50
210 350 45
300 155 125
225 90 110
65 125 35
150 299 50
60 59 250
185 60 139
80 33 89
69 68 185
100 116 140
225 99 135
90 160 148
60 200 125
150 125 125
185 65 85
89 150 300
65 110 125
75 145 65
142 200 225
235 200 50
36 75 60
247 295 80
99 36 400
73 117 323
1000 100 265
145 255 209
300 101 60
185 65 222
250 80 140
110 200 100
175 255 112
70 102 50
75 974 33
55 50 62
119 52 45
160 162 205
86 65 85
61 75 79
93 32 119
150 129 35
51 120 78
100 114 35
150 75 128
160 100 199
100 170 99
35 175 400
125 75 271
46 240 240
50 115 75
160 80 150
79 250 60
85 200 40
89 95 135
260 80 130
165 400 200
139 59 45
75 159 120
99 112 175
85 55 80
90 180 215
47 415 275
115 199 150
150 120 60
58 149 700
45 55 110
70 60 121
62 75 50
52 109 100
160 200 65
115 50 95
300 69 169
134 89 35
120 140 200
139 80 79
125 40 91
295 400 76
400 48 125
250 65 80
650 48 99
55 44 200
150 100 150
150 350 128
200 190 40
71 60 59
599 125 115
65 50 198
78 160 125
90 43 80
60 190 60
57 120 119
200 38 92
45 200 120
42 89 95
80 235 40
150 120 400
130 75 125
120 120 35
45 100 97
225 89 80
200 40 80
175 250 135
179 59 180
125 170 182
65 450 42
79 80 165
50 75 128
122 46 85
150 199 70
105 59 67
61 170 100
86 85 145
210 50 80
50 50 50
151 200 150
147 350 200
70 140 109
55 50 200
190 200 49
119 40 210
105 86 150
60 225 157
70 140 74
150 75 40
180 37 344
40 130 99
142 550 70
45 59 160
125 59 239
200 130 104
182 30 65
250 60 48
149 59 100
62 135 95
450 59 59
40 215 120
49 41 125
250 75 34
169 60 375
150 150 224
80 100 100
125 120 75
600 70 60
50 149 180
118 70 1195
175 165 150
50 50 33
60 50 110
145 137 50
150 45 75
50 91 250
80 136 99
103 175 125
180 120 164
50 80 49
50 120 60
45 70 120
375 75 70
60 55 80
150 150 225
200 99 110
115 225 95
139 65 160
150 250 175
179 130 80
44 300 215
100 295 100
85 150 225
80 75 140
110 100 265
150 91 795
185 125 75
330 99 50
79 129 40
1200 200 41
140 295 125
150 170 101
350 175 105
54 90 125
233 400 139
135 305 175
140 126 75
62 99 50
224 95 108
94 160 72
199 50 75
169 75 85
75 99 120
200 80 150
55 180 120
90 1500 40
42 55 180
225 150 50
170 50 350
415 112 170
80 300 60
54 46 80
180 168 400
100 97 48
95 170 125
175 80 139
162 75 93
99 89 85
2500 105 100
198 48 117
110 206 164
90 220 150
45 65 170
399 175 99
185 150 175
189 51 398
175 160 65
130 96 89
70 99 450
69 500 50
120 197 225
105 170 68
110 200 360
165 200 265
100 140 128
125 150 80
52 350 129
125 100 140
45 70 75
110 90 100
176 90 89
120 65 95
180 60 80
191 130 650
175 100 113
43 65 95
200 130 275
100 85 100
190 150 65
100 50 120
186 120 50
32 239 45
159 130 107
75 120 80
250 217 699
475 150 150
225 225 140
49 450 200
112 89 209
300 49 50
294 450 150
89 79 50
70 118 75
41 190 90
195 150 47
86 160 150
45 337 78
169 169 86
350 99 180
105 85 222
97 219 232
40 100 100
400 69 180
150 88 169
40 390 600
50 55 90
95 85 65
100 295 280
45 89 49
75 45 90
125 149 110
115 76 90
182 65 95
46 120 37
85 85 75
110 140 150
85 130 300
130 125 74
99 62 200
180 46 70
166 359 200
100 100 175
40 120 38
55 60 199
50 32 175
74 175 113
150 200 95
86 260 65
165 150 140
62 100 100
125 44 75
299 799 70
149 145 50
50 80 100
60 92 80
155 65 156
100 197 80
250 45 50
250 199 150
80 33 85
65 100 60
150 80 339
175 339 100
100 200 75
140 245 195
45 93 35
40 99 65
156 60 60
399 100 95
108 269 240
200 80 61
200 50 100
65 60 410
55 245 132
45 155 225
150 150 450
100 110 160
220 150 350
53 1000 145
68 60 85
60 65 130
61 300 41
425 135 85
48 165 50
117 95 75
140 125 85
200 149 85
30 92 200
60 150 109
60 650 140
200 120 175
170 83 90
110 89 96
70 80 65
150 100 99
150 69 375
55 175 90
60 100 47
160 80 125
81 350 183
60 120 1000
156 300 179
70 80 120
73 236 110
55 100 55
75 160 170
167 120 230
125 100 300
125 300 100
250 50 70
43 95 164
40 95 229
190 120 207
100 180 99
125 50 190
55 150 75
500 69 99
65 65 36
125 50 250
54 55 95
115 35 105
200 123 95
300 120 70
140 114 80
85 125 157
125 90 54
195 230 40
65 325 460
30 132 40
180 149 90
149 94 91
115 50 55
100 90 160
100 60 75
130 120 149
85 182 1333
160 50 175
155 179 350
45 100 136
125 60 200
80 60 235
249 125 65
500 45 325
150 150 163
165 189 1100
50 200 225
350 46 350
499 115 100
95 43 120
88 215 200
299 115 199
129 84 170
149 47 125
177 500 60
100 180 65
200 50 150
159 130 100
65 100 185
150 225 398
62 180 250
75 150 33
200 99 100
49 50 83
40 45 161
125 90 85
69 85 65
99 110 70
100 25 225
110 60 55
98 295 80
70 400 66
98 186 60
97 60 98
200 62 62
138 65 90
99 350 140
85 200 90
60 225 48
149 200 225
50 65 80
87 87 149
169 95 305
525 102 220
179 190 50
140 220 124
114 199 135
55 125 131
100 95 220
135 80 89
97 167 45
45 45 75
100 189 70
120 164 375
25 165 56
52 275 250
89 89 49
60 159 120
88 186 99
90 70 40
649 50 45
95 149 50
280 75 65
100 80 80
60 100 35
250 75 60
49 125 50
50 100 43
200 55 54
80 140 250
250 499 140
175 111 160
150 60 70
70 425 230
50 200 125
60 40 107
62 195 150
50 85 110
211 100 125
45 38 50
83 100 1000
35 75 26
62 170 62
60 51 70
105 60 100
122 10 299
85 90 124
42 180 80
175 85 45
160 59 150
69 69 180
100 125 50
75 55 65
200 120 160
200 34 195
70 105 195
60 120 250
89 32 340
550 88 70
65 125 100
110 125 40
150 70 72
195 45 45
90 60 134
250 75 80
300 75 150
52 550 250
110 250 325
21 150 75
100 37 50
275 110 115
160 65 184
189 169 129
119 119 65
40 45 375
200 65 70
190 85 800
80 65 129
60 180 35
60 60 39
70 115 60
80 68 155
780 135 115
59 169 100
195 85 109
109 85 85
45 60 115
100 50 125
850 70 100
55 95 347
50 190 169
215 299 175
220 120 200
190 90 85
90 399 349
379 399 150
98 140 50
393 62 112
90 117 350
62 45 285
125 75 333
65 250 100
103 95 75
220 100 110
125 110 39
179 90 55
99 200 120
149 200 190
149 230 50
97 76 60
350 60 60
209 125 150
125 90 50
350 60 300
150 50 200
60 183 70
60 95 100
70 55 59
83 67 259
150 41 550
99 70 350
350 37 140
349 105 75
55 85 165
250 55 59
129 55 109
75 52 115
113 50 40
100 45 150
66 200 35
90 75 90
139 82 85
106 100 106
130 60 200
200 100 745
95 85 230
89 150 274
85 100 225
75 175 69
65 100 120
60 249 110
95 170 100
65 350 155
90 50 150
200 250 189
119 112 70
41 45 280
200 175 199
64 99 168
150 163 52
156 85 40
60 60 70
130 80 145
73 38 60
59 1200 36
200 90 200
102 230 174
200 42 70
170 99 750
289 200 208
175 225 300
130 170 275
40 131 75
425 100 250
40 120 85
156 112 139
169 75 70
300 75 595
90 99 120
185 160 30
74 240 131
40 125 60
95 155 120
200 250 95
38 187 400
50 249 60
215 89 90
165 108 55
499 35 35
75 99 155
50 75 50
220 90 75
60 295 60
100 75 10
58 60 100
369 150 63
219 90 171
40 35 309
60 250 650
80 50 30
90 65 150
110 95 32
142 150 35
55 50 140
175 59 39
80 65 75
94 91 60
260 73 225
34 67 170
190 40 97
50 100 65
220 250 120
120 50 120
66 80 80
80 45 129
220 200 55
40 55 150
75 75 67
250 125 59
165 195 50
79 98 36
37 295 75
265 79 449
400 195 59
100 100 80
96 45 125
85 250 40
43 55 150
229 67 69
51 275 200
200 75 80
350 85 46
135 200 125
190 58 150
120 90 74
99 53 120
250 30 209
140 99 50
200 80 200
300 50 85
50 84 79
79 130 350
125 80 100
70 60 125
100 450 150
89 90 250
265 225 55
120 210 599
65 115 50
70 80 110
115 259 38
150 125 125
180 99 125
59 110 300
50 99 70
150 36 149
51 70 49
85 55 65
99 38 44
345 38 150
38 119 71
200 35 185
1500 150 59
34 225 80
250 50 30
30 110 30
40 160 100
285 53 55
15 90 90
90 125 159
180 120 80
75 210 145
189 190 190
187 185 250
170 72 39
55 59 33
55 65 125
200 400 80
220 130 90
47 118 145
85 75 80
40 110 80
60 50 58
150 49 69
99 200 150
200 125 70
45 70 75
10 150 55
90 139 120
65 83 149
175 70 49
150 180 80
220 30 150
225 210 299
110 120 80
330 150 150
99 99 115
90 118 65
65 300 70
250 35 125
150 50 120
125 200 250
142 249 60
142 179 140
465 80 65
300 90 180
56 99 70
285 82 142
100 142 125
900 40 120
199 60 200
55 150 110
53 150 35
149 190 143
57 59 299
70 49 68
120 135 80
80 150 90
150 197 181
180 178 76
139 51 50
55 250 55
80 51 69
255 150 85
300 52 70
76 150 63
100 55 90
110 48 250
66 130 65
133 100 30
75 85 125
137 100 125
91 26 66
60 150 222
148 225 200
60 45 102
50 100 250
44 130 55
78 165 84
90 150 500
75 44 75
120 120 110
125 25 89
81 60 95
75 80 159
80 165 170
69 140 39
50 135 120
39 69 65
25 120 128
125 65 172
150 195 60
330 195 60
220 110 154
76 70 220
55 55 270
99 95 118
80 60 20
70 33 30
98 70 110
55 40 189
36 65 49
52 97 80
189 35 36
150 100 60
179 34 200
123 80 90
40 490 70
188 69 289
130 75 79
100 995 150
21 68 135
145 45 50
60 49 40
62 345 80
90 60 150
68 150 120
70 200 109
74 125 109
120 65 47
120 110 110
115 105 119
42 65 54
325 265 95
199 125 174
50 140 95
120 39 75
65 58 100
73 65 57
60 65 100
185 65 70
130 60 102
100 170 65
30 60 65
90 65 50
150 142 80
92 70 275
157 120 100
94 88 56
55 165 84
150 244 180
200 60 62
245 145 250
225 69 96
37 33 120
180 52 108
140 75 48
150 60 110
70 100 200
93 125 140
375 140 200
40 44 115
120 460 40
90 150 260
200 350 65
63 129 75
100 129 111
80 80 59
159 55 65
65 85 70
40 300 75
68 60 90
110 80 190
66 60 125
65 55 38
80 200 200
100 89 82
115 100 45
390 100 300
119 150 55
150 149 79
150 49 175
40 280 33
100 31 75
109 109 95
95 300 90
130 125 125
60 35 45
250 300 135
108 45 50
50 80 45
150 115 40
75 80 82
125 39 40
60 100 110
350 65 40
74 40 70
113 74 125
75 99 79
190 275 67
82 45 146
41 38 150
208 95 82
67 67 250
250 70 85
150 185 104
75 60 250
340 50 185
210 285 125
53 45 250
425 50 46
140 58 86
111 207 47
140 90 40
750 80 100
180 75 275
95 46 96
44 100 139
280 125 80
245 70 95
130 110 54
100 45 99
145 60 275
119 70 350
225 95 95
30 30 165
62 149 80
60 120 79
80 72 75
75 75 140
65 35 71
50 395 395
200 199 75
150 145 325
100 55 140
65 67 67
65 48 150
155 87 200
250 79 100
135 98 121
350 90 40
1250 999 100
65 99 150
250 179 70
115 158 200
49 128 750
200 35 250
180 80 59
180 189 95
199 100 200
275 55 62
93 62 60
55 50 35
22 70 350
98 189 95
118 230 249
75 80 250
450 130 151
90 290 60
115 200 250
44 160 329
135 70 275
37 175 100
55 86 200
59 85 215
45 315 47
149 100 250
65 50 65
106 59 195
150 65 700
275 137 55
70 165 47
35 85 46
130 185 100
52 150 88
39 40 155
55 65 90
54 40 85
34 132 80
225 285 190
140 87 50
120 165 50
49 165 192
150 1200 415
75 60 100
329 39 89
150 139 230
75 135 185
128 110 80
175 160 250
225 45 150
120 50 60
70 80 200
120 53 200
175 75 149
150 110 150
147 150 138
135 100 90
500 115 300
43 75 52
85 50 483
290 225 550
450 200 80
360 210 210
225 75 120
70 1700 195
89 65 45
53 125 140
130 65 75
80 65 55
110 120 130
120 162 80
135 85 699
699 699 699
699 699 699
699 699 737
737 737 737
737 737 737
737 699 699
699 737 737
52 46 76
86 85 200
60 50 52
65 89 200
154 350 120
86 40 55
95 250 55
86 86 250
50 245 125
132 112 65
53 38 234
81 350 55
550 175 110
110 115 236
105 184 60
87 87 87
65 120 45
45 45 45
45 45 45
80 85 118
50 99 204
220 325 81
60 50 90
45 180 320
340 395 187
195 170 140
125 85 73
100 90 135
60 199 80
50 55 80
95 120 10
110 40 50
40 99 65
195 150 120
170 80 35
130 30 53
350 50 250
30 56 98
100 290 75
130 98 180
200 250 75
300 180 199
65 45 90
150 55 51
45 50 60
60 300 375
64 125 250
40 89 80
600 75 110
150 90 125
209 287 202
287 239 287
232 187 175
60 310 200
200 650 75
40 123 150
47 31 54
235 320 495
300 470 350
350 200 435
100 200 130
305 99 230
150 220 250
185 253 150
350 135 50
59 180 113
80 45 100
525 100 105
250 67 100
75 226 175
550 120 126
61 99 200
54 90 155
400 250 150
85 38 220
37 58 220
55 93 175
58 140 160
125 140 126
35 159 99
63 180 63
65 48 42
85 50 199
85 315 199
80 36 40
106 195 75
150 1000 160
185 264 40
120 65 350
75 190 65
180 100 65
150 225 111
150 145 57
135 150 53
60 35 65
100 100 144
49 120 77
60 160 62
90 38 150
160 128 139
80 85 45
148 115 100
75 75 196
100 290 46
68 150 149
39 175 100
100 60 175
100 76 91
65 240 30
110 106 59
45 98 55
89 165 450
115 50 130
799 100 70
50 138 50
250 83 89
75 125 36
159 55 160
170 475 217
77 175 90
299 79 285
45 40 40
40 124 60
89 159 180
63 125 70
51 115 55
250 188 149
55 100 170
85 295 125
52 151 90
55 55 450
50 89 90
200 165 116
150 80 70
65 170 689
99 120 111
43 275 125
200 100 63
150 60 100
39 90 195
142 55 142
150 65 86
200 65 400
55 150 175
150 59 339
100 339 350
105 195 79
55 200 159
82 65 59
75 136 65
49 300 160
150 32 36
79 129 159
100 93 220
86 60 105
60 185 75
95 42 120
120 120 37
350 125 165
230 200 250
290 80 25
35 150 180
150 95 120
400 1100 160
60 130 150
49 120 3750
100 139 135
59 60 197
112 140 125
245 175 199
65 250 60
229 70 88
55 55 55
65 350 52
55 160 125
200 65 85
379 69 65
175 100 50
294 225 175
80 155 75
55 239 50
90 300 285
250 85 330
85 120 50
150 63 85
85 43 80
172 125 45
54 170 50
80 55 33
45 150 37
150 60 71
158 150 58
57 65 155
185 86 65
139 187 36
120 65 120
65 250 120
175 200 148
120 159 200
85 90 104
85 125 275
60 46 80
136 125 85
175 400 60
60 95 65
69 89 110
150 52 75
60 100 90
170 105 295
98 150 100
99 190 89
53 49 40
300 49 124
60 100 78
300 90 180
300 110 269
61 99 60
11 199 75
150 150 42
53 290 135
62 800 175
50 55 149
200 350 38
250 185 185
140 45 40
150 145 125
70 245 65
350 66 65
31 239 55
75 210 120
239 239 90
90 115 45
200 105 49
49 49 49
73 150 220
35 125 85
350 239 190
300 279 65
48 239 250
150 150 80
80 65 150
275 250 49
61 90 75
110 125 140
250 100 90
45 65 45
212 70 204
400 184 119
197 30 245
149 66 76
100 55 55
130 130 51
65 100 170
144 250 349
65 65 45
80 34 80
36 180 174
66 95 119
199 300 150
70 39 125
300 150 60
130 180 40
65 150 100
150 90 40
69 85 200
59 248 60
95 77 70
100 45 83
45 75 64
150 80 75
64 154 40
160 210 54
139 39 180
400 189 60
55 140 46
122 350 65
176 70 38
180 40 55
80 99 225
90 107 50
300 123 36
399 145 140
54 177 65
150 50 104
54 74 75
300 280 150
73 70 195
97 130 95
40 38 70
38 600 44
29 135 58
120 110 130
50 40 95
70 495 80
200 89 40
60 36 69
45 75 160
125 55 90
300 88 36
225 79 80
39 43 37
394 799 499
60 68 70
149 69 75
95 214 75
269 80 30
200 39 38
65 70 30
31 170 45
90 400 250
200 199 35
60 499 118
195 180 150
115 250 80
200 639 150
70 115 225
140 200 250
119 125 150
270 72 250
100 68 200
129 80 175
160 460 89
99 55 38
76 50 175
160 65 80
99 480 60
35 110 60
150 350 65
298 101 72
75 165 200
80 80 170
530 34 99
29 209 300
50 65 45
50 105 45
215 220 100
120 90 110
97 75 150
50 47 150
75 58 150
70 150 130
53 200 35
220 285 245
280 60 98
10 200 75
78 239 590
41 145 65
70 135 65
120 175 85
79 130 80
70 89 40
185 120 122
55 285 30
80 335 848
75 55 119
143 80 175
150 48 239
167 169 86
110 55 85
200 100 59
68 65 380
165 80 45
79 244 299
65 299 80
200 410 37
40 280 99
160 275 65
104 60 165
200 250 66
85 25 140
25 100 75
25 150 150
134 100 140
95 102 100
190 240 102
40 120 43
375 156 100
199 115 50
109 99 76
185 97 150
225 70 89
40 85 255
50 150 200
57 150 45
90 90 160
30 63 180
100 50 42
160 430 83
95 75 48
150 200 150
250 260 34
85 179 88
60 50 85
56 75 69
95 120 55
261 100 120
100 250 62
250 89 90
225 75 140
85 58 195
89 50 75
95 70 75
179 60 119
60 99 75
32 250 65
40 100 149
199 500 249
140 145 95
90 300 115
102 60 75
75 86 65
149 50 90
50 215 250
110 350 66
85 52 78
48 268 10
268 149 75
250 75 56
125 35 130
105 75 325
70 125 40
245 75 48
50 115 197
150 99 220
106 140 199
345 600 300
200 70 149
28 125 65
75 50 250
60 48 90
85 70 100
135 97 590
320 200 99
28 55 350
115 180 65
200 49 100
115 80 59
70 100 70
63 120 269
55 70 600
60 80 115
45 63 47
300 169 50
274 110 263
75 250 83
225 175 125
70 154 28
1500 95 28
75 28 125
180 180 200
115 135 69
99 80 150
75 150 134
134 145 189
120 65 280
100 40 120
130 180 55
175 36 50
165 90 65
175 110 195
300 175 150
100 68 120
99 110 110
84 60 100
65 174 65
65 50 70
120 70 225
70 45 105
175 98 33
55 110 55
95 130 80
100 70 160
85 45 71
170 65 65
100 70 95
449 50 150
101 69 57
190 325 200
250 71 190
109 35 40
130 149 59
45 70 75
120 126 207
70 90 64
40 300 55
800 120 66
100 38 750
225 99 110
225 41 120
37 179 75
63 65 55
67 255 65
325 389 40
44 40 785
285 200 75
230 80 99
30 145 150
41 65 150
145 50 185
65 150 260
125 199 45
37 500 100
100 42 65
85 50 575
85 60 52
50 385 166
39 97 200
155 220 75
140 195 125
45 425 90
95 100 100
50 89 400
403 325 100
135 26 330
200 139 50
125 350 175
169 130 150
120 150 180
105 63 300
70 250 300
43 40 471
40 50 47
1000 94 750
69 150 80
399 95 52
150 65 60
55 49 377
249 100 60
59 65 120
45 150 90
140 50 70
90 125 150
150 98 120
100 110 250
65 65 50
65 35 160
65 200 60
53 38 99
149 140 65
110 140 175
115 199 60
50 78 70
120 125 35
54 175 500
25 26 63
127 300 225
209 60 47
195 355 70
39 35 39
237 90 254
39 39 165
45 200 80
65 70 53
87 50 55
240 120 225
89 65 75
108 75 150
60 150 89
180 250 51
139 89 70
99 150 400
69 145 53
55 99 209
280 55 69
47 65 65
108 70 60
45 57 70
500 95 41
300 140 145
55 95 50
55 55 50
55 60 50
55 50 50
59 200 85
120 39 65
80 46 80
135 57 26
170 53 55
105 95 95
40 100 60
282 135 200
95 110 90
53 85 100
65 55 85
200 225 95
175 189 53
57 57 80
97 79 80
39 85 50
330 37 799
150 195 50
100 140 275
85 31 99
117 160 65
295 105 225
245 185 295
75 480 190
225 325 59
250 139 96
60 300 325
100 355 60
65 100 99
65 58 75
40 50 50
300 80 91
140 199 43
60 200 50
75 150 99
90 62 55
35 105 175
38 100 76
299 150 80
25 80 59
250 100 115
70 500 46
145 80 65
40 72 100
185 370 60
70 53 110
53 59 79
150 200 125
200 200 60
69 125 70
100 359 40
175 30 120
95 125 225
57 37 150
36 115 350
75 155 149
90 29 200
275 130 90
140 45 80
110 68 275
90 250 60
89 288 70
159 60 100
60 99 59
119 89 314
60 66 175
150 310 70
109 300 65
83 200 90
380 175 46
50 200 31
59 180 240
75 160 72
72 210 40
175 180 70
105 95 235
69 70 75
139 75 41
120 55 88
78 58 85
150 67 51
99 99 32
35 75 175
62 29 150
90 55 150
90 140 65
57 50 299
125 85 80
180 65 270
175 359 100
275 185 119
90 160 60
149 57 39
50 55 48
30 50 45
35 30 195
40 60 60
35 249 120
35 35 151
478 110 85
250 350 200
250 285 200
100 80 35
220 57 70
299 145 84
70 55 99
48 80 45
69 50 150
73 40 60
50 450 100
100 160 110
249 150 150
50 240 100
119 75 90
399 149 64
68 250 63
56 200 65
300 100 120
70 137 275
65 150 40
82 65 80
48 39 169
150 125 65
160 175 150
210 45 125
240 185 140
150 200 80
39 135 55
230 39 175
50 139 129
80 46 44
100 150 90
200 65 100
130 75 70
55 55 125
175 125 48
48 50 80
35 95 90
85 85 425
90 175 80
134 150 40
55 60 74
69 160 65
128 250 45
100 65 350
120 135 42
66 80 105
65 80 400
55 40 70
72 38 45
500 79 295
120 55 70
120 90 125
135 120 350
81 850 68
105 200 75
40 215 80
150 112 42
80 89 25
120 120 350
25 85 25
200 575 48
350 78 69
55 150 134
42 100 80
67 66 95
800 249 175
200 100 70
70 80 60
89 90 53
90 60 125
50 115 138
120 60 112
140 199 31
100 120 225
157 275 80
99 85 80
79 150 100
87 150 100
56 70 120
155 39 200
250 220 106
40 48 125
150 68 49
185 50 140
65 120 230
60 60 60
60 79 275
220 95 130
85 120 95
45 49 175
70 120 70
59 99 155
125 180 50
187 179 433
300 96 75
151 165 125
180 87 100
50 215 32
50 150 25
55 200 135
129 60 165
55 59 45
400 75 125
39 195 125
60 70 149
100 320 80
79 100 53
53 43 150
60 41 85
69 65 65
65 60 58
159 70 110
999 75 150
114 49 41
175 49 225
65 49 49
65 49 50
45 60 99
225 105 115
44 39 150
150 110 199
180 200 80
78 120 75
50 50 170
45 194 49
40 35 86
130 96 199
150 45 110
59 150 55
89 55 65
80 75 90
66 264 244
119 225 280
225 200 150
122 150 100
62 240 46
49 50 119
125 140 179
600 145 45
90 150 135
135 370 90
165 195 65
500 75 60
59 175 90
110 125 120
88 175 100
175 121 89
200 58 150
35 90 250
90 100 100
149 188 47
110 33 130
230 899 130
100 100 150
66 95 170
125 975 125
45 195 118
250 93 196
200 150 215
325 350 99
99 40 90
85 90 98
279 249 85
50 199 70
65 149 90
375 125 105
75 82 50
50 250 44
150 130 270
175 45 79
70 374 240
70 199 135
259 200 57
300 250 99
350 40 99
100 97 425
89 150 30
150 225 45
129 49 65
160 188 110
155 300 150
300 90 85
35 120 300
90 199 75
65 51 125
41 200 250
102 175 100
115 84 150
65 40 599
225 109 250
55 78 85
165 65 35
80 85 98
90 179 119
180 60 200
130 170 75
244 80 180
100 76 50
78 200 180
65 110 190
150 670 181
49 100 179
175 45 90
168 95 90
499 329 390
90 120 45
139 45 36
15 160 299
65 77 115
149 75 70
65 100 130
80 70 38
185 182 500
97 110 62
150 250 220
300 150 69
70 190 169
200 100 280
63 200 125
50 125 125
75 165 90
140 105 110
74 239 80
255 99 119
119 47 525
62 70 200
75 75 75
60 85 68
72 99 70
86 250 45
119 300 180
100 130 39
85 55 255
110 170 299
329 299 255
42 150 1500
63 50 150
120 225 65
65 117 200
20 60 72
150 185 140
153 36 295
70 345 125
75 180 155
625 120 200
140 55 147
220 115 44
298 499 150
80 145 68
150 70 240
120 200 50
99 80 128
49 100 119
60 700 65
80 52 62
108 120 60
72 90 55
55 55 120
300 170 75
31 200 60
250 65 65
35 300 119
119 85 115
75 225 129
50 50 50
50 50 165
150 24 32
200 119 1700
305 35 200
206 160 159
99 349 70
107 38 210
139 39 6500
100 62 125
89 89 180
300 45 135
350 29 99
200 99 90
65 200 175
600 250 200
130 125 250
60 90 60
50 60 85
55 250 85
355 260 55
150 55 58
110 90 90
399 55 55
72 123 59
45 95 65
260 260 73
60 25 150
285 1000 81
38 70 29
160 98 98
98 150 35
50 265 211
160 99 170
299 150 200
140 220 35
125 90 99
350 70 98
40 150 66
200 100 75
150 125 85
175 90 199
250 85 150
100 399 149
250 139 100
250 174 150
80 100 75
109 65 65
40 189 45
120 125 45
120 82 72
200 500 110
75 64 100
100 140 83
200 125 32
60 89 90
155 139 70
42 85 860
195 75 120
65 45 35
30 30 35
31 100 42
75 165 95
41 250 30
165 250 200
102 200 60
102 93 110
70 80 46
75 125 110
145 250 100
200 121 330
650 105 110
65 90 109
68 170 39
100 298 180
250 120 180
50 180 40
189 500 56
180 78 45
250 65 68
45 42 55
100 103 115
90 85 229
95 70 80
140 66 20
68 108 143
132 109 200
150 70 130
195 191 250
350 147 50
79 150 70
200 60 300
200 100 200
68 55 39
2545 50 160
75 399 115
150 34 59
38 45 100
100 60 155
120 275 191
350 120 500
120 485 125
140 125 63
70 180 50
70 42 60
69 40 120
50 92 50
155 200 80
138 100 151
85 170 81
150 85 62
75 40 100
275 139 98
100 100 100
149 75 260
60 160 135
60 119 130
75 150 150
250 200 79
250 89 179
38 25 150
43 295 215
75 80 180
99 200 95
97 100 57
75 45 299
179 160 60
55 85 185
50 110 125
300 160 68
250 65 215
150 60 500
55 200 65
65 48 38
1115 80 175
175 60 265
75 58 310
135 74 81
35 90 285
95 48 275
650 200 80
100 120 150
90 175 175
120 135 160
40 95 68
49 105 202
120 90 133
150 60 99
165 95 59
145 95 60
90 60 80
60 150 50
93 75 150
107 149 220
65 65 220
50 700 99
175 155 219
130 70 650
69 30 42
55 98 85
120 225 158
130 70 70
50 90 250
200 49 160
150 130 170
120 100 45
175 70 200
30 195 55
60 60 129
95 55 399
700 199 180
60 110 200
195 165 150
190 64 110
75 105 212
110 140 375
74 35 110
65 110 129
59 150 129
24 40 349
250 120 90
125 175 165
99 55 125
300 100 225
249 37 295
200 43 100
520 119 45
119 75 119
137 148 75
40 59 84
50 46 35
85 50 130
101 114 45
175 105 63
45 39 165
125 83 110
250 55 314
60 88 399
455 100 175
68 300 200
175 250 175
30 233 233
590 913 276
550 276 276
505 162 233
718 39 70
140 87 115
100 200 62
250 60 100
70 140 44
40 199 475
94 55 50
300 215 165
75 113 99
200 69 150
170 120 380
120 34 32
135 150 200
145 132 250
50 125 75
692 79 95
300 100 147
35 125 40
80 105 350
90 270 80
50 300 195
200 400 200
80 98 150
90 100 50
50 39 200
98 85 65
120 64 200
3600 100 100
105 89 100
80 220 139
75 165 90
299 99 45
750 98 50
75 250 150
199 175 42
201 150 89
50 170 210
110 200 65
179 82 180
105 174 119
125 100 80
400 45 270
75 241 119
95 225 70
115 200 80
85 160 85
75 60 50
75 70 400
99 40 93
70 85 100
60 50 107
43 75 65
24 150 325
135 267 249
120 130 300
100 145 80
75 50 129
150 275 100
150 160 450
75 79 53
50 200 350
200 85 200
75 249 77
55 43 90
50 60 95
600 159 220
199 600 450
150 100 150
150 87 85
110 70 97
269 255 79
248 59 220
170 5000 62
99 180 140
57 250 190
120 300 179
135 60 175
345 119 130
182 123 100
90 175 35
103 70 100
50 125 60
70 110 600
120 115 219
250 135 90
55 75 100
155 70 85
60 59 115
73 75 275
100 59 40
75 250 28
150 30 170
90 66 29
300 120 103
43 165 55
240 79 50
85 68 150
150 150 60
499 60 47
150 150 179
199 59 150
200 26 50
100 99 269
60 300 200
109 250 70
225 85 50
99 65 120
175 75 27
160 95 340
100 75 80
195 100 150
136 250 175
307 600 99
2000 55 215
200 129 99
82 125 150
151 99 98
800 70 200
380 500 50
149 73 50
80 170 120
70 70 400
209 72 125
114 88 250
209 114 118
130 50 75
130 90 80
206 120 306
46 149 50
165 375 75
259 210 55
460 85 111
200 111 109
99 300 70
250 80 240
35 200 100
160 178 269
75 200 42
40 42 160
130 90 99
50 150 80
120 162 60
66 350 150
150 85 50
550 225 70
75 195 1880
63 40 3000
63 150 63
165 50 50
85 150 62
50 60 299
345 92 241
45 125 145
275 495 50
40 195 50
69 120 300
285 90 140
46 96 200
37 134 150
195 90 450
100 49 189
199 300 199
179 179 49
75 95 125
72 75 65
112 40 175
44 50 95
500 188 75
295 400 125
139 70 90
302 229 200
133 150 135
175 100 345
120 70 110
100 120 130
35 185 714
675 675 675
675 675 956
675 675 675
675 675 714
714 714 956
714 714 714
675 675 714
714 714 714
714 50 40
59 115 150
90 220 130
110 266 100
73 150 200
90 303 250
86 80 100
179 220 3000
230 89 40
105 175 50
127 107 199
125 43 35
33 165 182
227 41 292
115 60 135
65 100 99
375 250 175
90 49 65
44 65 65
246 50 300
350 99 355
120 125 130
69 175 50
38 64 40
40 55 40
45 50 99
250 200 70
200 74 120
88 37 70
70 150 150
60 138 150
82 90 56
249 120 670
55 149 114
100 210 100
45 45 207
99 45 80
42 139 35
50 40 315
90 50 85
89 1500 258
150 120 250
75 65 93
40 50 139
232 32 85
135 65 34
91 100 109
50 250 55
50 137 45
139 279 70
97 70 80
100 220 299
160 119 70
41 70 48
48 2999 75
48 100 225
80 36 100
350 47 35
300 50 60
85 125 280
50 195 225
45 112 29
399 125 60
200 265 150
59 60 499
499 125 150
499 399 399
54 120 85
399 95 149
119 90 264
28 80 145
89 120 190
275 168 200
180 100 149
200 55 115
79 120 32
80 100 333
70 63 63
125 225 200
210 50 40
399 120 418
350 56 150
110 155 120
125 134 50
350 232 50
95 1600 89
35 180 190
200 200 200
300 150 55
88 79 70
140 49 70
40 16 34
90 50 35
32 35 70
35 45 33
37 42 110
375 65 50
125 150 225
303 69 175
95 316 119
119 260 59
350 189 399
105 45 140
180 80 214
65 60 195
36 80 42
60 75 40
119 95 42
25 42 100
42 42 110
250 150 42
250 100 90
140 350 276
452 325 312
285 350 397
283 289 343
334 302 320
316 287 334
238 291 276
303 392 356
297 265 291
358 312 312
320 321 309
312 314 352
238 289 291
263 365 253
246 211 306
241 312 259
267 312 347
278 242 242
358 377 280
232 365 62
273 285 307
281 275 396
283 358 285
420 88 150
45 283 316
255 282 290
317 303 206
278 305 316
252 332 361
269 245 305
233 459 271
314 416 316
232 262 330
271 45 453
236 294 329
481 343 224
278 312 302
334 258 150
356 278 75
184 274 347
466 316 285
271 317 388
341 237 248
379 314 251
423 240 245
329 265 300
267 374 316
189 298 362
150 90 90
75 47 47
250 69 90
120 200 430
240 160 70
313 750 167
65 308 100
60 42 90
120 51 25
150 250 55
115 44 243
290 65 55
115 60 30
250 65 120
140 50 70
65 50 35
60 245 300
90 295 200
95 45 25
35 50 150
30 150 65
130 55 110
40 175 125
215 150 199
45 220 199
90 199 199
179 60 179
179 179 70
27 49 200
55 55 190
300 125 295
125 47 95
63 125 225
300 40 149
90 160 207
805 42 63
42 42 115
28 275 195
280 100 35
180 42 150
42 42 65
42 27 42
42 42 230
42 42 60
3000 90 75
120 75 110
189 725 55
350 35 149
55 50 30
65 99 29
30 90 50
175 79 190
34 443 150
75 299 112
125 350 392
150 800 145
55 80 50
195 115 72
180 264 150
55 101 70
185 125 100
699 35 150
50 250 261
100 98 52
100 50 90
129 75 99
72 109 45
100 275 43
29 125 69
215 75 42
43 72 19
125 90 243
180 65 175
70 200 65
155 365 49
100 97 35
275 95 595
55 101 180
99 65 265
120 95 215
300 105 200
100 165 120
125 200 45
260 40 120
70 295 32
45 119 55
40 800 40
57 180 75
130 200 150
70 359 100
95 40 40
38 40 170
45 51 90
50 85 150
284 185 166
31 150 398
185 200 300
189 25 55
200 52 250
400 102 80
390 450 199
110 90 550
111 60 295
91 54 55
110 75 325
135 79 179
80 80 175
211 133 200
1350 70 75
250 150 175
240 43 99
50 37 41
125 29 250
115 550 392
125 950 360
50 175 45
90 95 50
150 100 59
60 48 150
287 48 65
69 70 120
90 40 60
45 150 150
48 125 200
99 94 55
205 520 70
128 138 55
49 135 280
110 40 500
65 79 150
60 400 195
45 40 45
240 199 35
57 31 65
36 150 120
150 90 250
55 56 250
43 80 200
90 100 52
182 50 35
175 349 125
100 231 69
200 135 3200
120 40 125
199 37 80
25 55 250
55 160 95
40 55 145
190 80 55
80 160 75
80 250 85
120 60 45
36 145 55
220 312 118
220 49 220
90 50 100
293 293 190
150 50 500
45 150 200
59 100 125
150 55 240
140 250 199
150 80 35
299 85 152
209 100 45
96 100 51
300 120 85
65 165 200
60 345 175
34 175 79
95 80 70
240 100 100
120 200 165
172 68 75
55 50 125
160 60 65
75 61 150
125 99 200
75 70 55
49 90 65
90 500 180
99 100 140
49 150 285
150 89 75
75 99 165
65 133 130
172 40 100
80 180 93
100 299 69
110 120 120
250 130 43
179 90 500
60 95 110
220 120 33
70 228 150
154 179 283
45 575 69
200 29 39
54 155 41
150 150 54
62 180 145
200 110 45
225 200 70
150 95 80
100 70 70
250 55 150
600 55 55
232 35 350
195 89 59
42 60 48
500 149 49
77 35 40
225 49 600
120 600 200
115 70 190
62 160 175
30 35 37
79 40 159
100 199 550
55 40 155
200 150 190
46 215 140
35 89 48
239 90 350
48 99 350
599 89 180
189 129 48
48 40 48
220 120 48
150 99 72
100 100 200
80 135 50
100 138 150
75 116 60
70 125 90
28 200 90
350 75 65
72 120 180
100 250 160
40 300 66
65 160 38
185 200 199
175 60 159
250 250 432
66 80 150
185 29 75
190 42 65
45 131 24
89 200 450
40 45 70
225 129 33
122 129 50
140 250 130
180 160 130
150 120 90
85 199 199
90 444 399
349 195 590
70 220 150
169 199 199
120 40 120
350 94 185
150 225 120
100 130 100
140 89 40
145 185 250
120 99 120
75 180 250
30 114 45
100 271 34
85 150 50
75 70 60
37 135 340
300 65 300
180 40 70
80 160 45
85 80 110
285 49 60
300 90 55
190 80 30
195 100 160
100 60 150
65 50 150
450 115 48
499 515 240
500 48 80
109 52 139
30 145 80
220 180 70
99 220 61
180 45 140
99 70 60
250 85 350
31 190 180
60 38 210
68 350 80
60 125 120
155 45 60
175 85 109
98 400 125
750 160 125
93 275 375
250 100 80
299 100 90
55 180 45
80 153 80
350 125 600
1000 425 88
65 420 220
1350 179 119
89 175 100
380 45 300
443 50 116
119 180 225
150 179 200
60 280 129
300 83 300
1000 55 30
262 255 245
185 185 252
189 228 240
241 265 263
243 254 35
45 200 40
180 80 80
60 115 235
150 100 120
199 150 100
89 70 113
85 80 150
20 40 499
200 75 299
40 57 450
1075 55 32
150 50 32
175 40 40
55 175 200
102 99 200
55 65 140
100 550 134
150 105 75
250 295 32
35 180 70
130 60 3000
85 80 80
220 80 120
200 40 60
80 69 160
180 32 956
32 40 40
230 55 99
70 139 135
125 350 99
410 65 60
450 33 120
60 130 100
75 199 183
35 22 104
100 40 150
820 69 49
205 91 90
306 300 45
520 58 220
80 130 70
40 399 118
100 37 1999
370 165 125
105 99 35
100 150 175
75 85 100
200 20 155
400 60 135
55 215 227
200 140 120
250 90 100
205 200 200
55 65 55
250 50 58
56 55 160
149 35 250
175 55 55
100 89 140
649 20 189
55 60 65
89 68 89
165 142 100
46 75 63
75 120 249
250 60 69
35 70 100
200 65 399
120 120 120
60 60 100
125 90 100
35 75 70
200 45 28
85 300 50
80 350 295
130 80 60
79 70 225
300 83 373
100 310 209
247 300 80
99 100 60
105 40 189
300 199 890
42 200 44
30 145 60
48 350 90
35 85 250
70 35 160
93 45 249
150 49 48
65 27 100
35 120 59
120 50 65
500 80 65
110 100 85
288 55 200
60 112 59
175 35 150
61 70 169
130 70 55
200 100 1750
48 50 55
35 50 115
250 60 155
188 205 185
200 200 150
144 279 40
125 100 195
120 65 125
45 89 45
250 65 450
299 150 60
99 30 38
150 250 80
70 300 39
70 300 250
199 25 350
60 125 81
219 35 32
35 35 75
52 40 215
100 110 75
150 30 1000
125 99 210
100 30 190
110 250 59
48 70 48
90 125 88
60 97 99
48 48 35
156 100 98
99 175 38
35 200 180
200 195 50
60 45 55
90 47 65
250 120 42
36 42 100
89 45 20
70 478 150
400 209 30
200 205 85
365 65 60
120 80 69
20 75 60
143 200 115
45 100 72
75 40 79
130 40 45
42 100 99
33 90 35
150 70 60
130 50 75
45 150 75
70 200 110
216 100 40
60 60 308
75 187 39
60 75 45
33 75 39
187 100 85
119 75 50
150 72 50
59 125 100
100 160 50
45 90 39
60 251 67
92 147 115
130 209 55
125 65 55
68 50 55
67 50 35
104 80 99
125 155 110
30 89 105
60 175 70
175 299 65
28 39 300
80 34 53
80 61 110
75 150 38
180 125 300
75 450 110
33 399 90
175 140 190
111 45 65
70 50 69
70 399 55
90 500 160
200 209 120
99 80 249
120 140 110
200 145 70
260 60 150
190 70 39
115 200 210
70 135 275
199 200 80
140 1080 225
45 150 175
53 44 59
65 65 59
50 70 59
199 300 61
90 60 179
199 150 85
80 300 100
35 74 150
100 114 140
77 1299 170
175 156 110
100 45 40
110 114 135
35 39 65
85 116 101
200 85 70
172 9999 120
65 115 200
60 25 68
19 250 495
525 395 82
100 70 100
35 80 100
120 175 130
55 65 100
139 105 90
60 300 179
70 229 100
49 250 60
125 125 109
400 45 197
85 120 170
40 55 125
100 180 40
156 99 145
247 120 70
80 200 150
599 188 110
99 100 70
75 30 180
225 125 130
145 28 49
40 271 100
88 86 55
300 125 200
80 45 80
99 70 100
85 49 69
40 175 65
85 140 75
350 150 50
80 133 80
50 219 60
307 233 235
40 100 92
45 50 200
42 249 150
35 165 170
289 400 55
250 56 120
149 225 225
80 59 65
39 140 165
100 55 40
115 400 35
40 110 35
225 130 299
400 2500 60
225 130 128
45 89 39
47 49 49
1150 61 70
105 40 50
175 50 92
95 80 90
250 40 80
80 63 150
75 71 89
99 99 50
170 50 82
299 121 75
199 149 79
60 45 125
199 48 40
85 45 1050
68 41 80
77 72 79
120 100 106
110 135 90
750 47 600
130 100 180
55 60 350
130 65 90
120 70 135
95 86 236
50 100 70
60 49 70
97 155 58
70 57 129
109 128 80
125 85 55
69 115 59
120 80 120
57 25 95
65 100 140
85 87 205
145 236 72
149 95 213
150 80 80
190 200 50
99 199 95
129 300 199
110 175 200
60 250 99
130 120 55
115 250 80
80 45 1295
79 29 95
40 75 200
105 135 130
60 50 135
120 136 50
41 175 85
71 80 85
255 250 95
119 65 110
160 68 1200
119 250 49
99 200 20
140 250 220
145 200 175
45 120 125
150 68 167
220 250 80
107 54 135
35 45 200
200 165 85
57 225 150
75 220 50
50 175 70
90 56 65
100 20 65
200 90 97
45 85 40
50 100 50
299 285 170
100 60 70
140 215 52
85 250 135
230 54 70
100 75 80
110 250 349
59 80 325
80 69 48
120 120 45
85 59 100
65 375 45
117 48 48
53 99 48
150 44 55
85 115 45
75 99 80
209 185 65
65 38 80
75 75 243
130 55 160
115 123 105
280 700 70
129 37 150
150 54 185
250 79 200
250 59 132
34 70 90
40 250 89
35 59 130
59 50 73
400 73 39
225 275 65
126 63 165
65 50 110
40 495 200
130 40 95
218 65 34
95 32 80
250 107 46
175 159 31
115 75 50
149 84 50
175 65 90
89 145 150
50 87 65
30 145 225
100 42 75
90 267 140
60 60 73
60 60 60
48 60 100
60 60 60
60 80 60
60 60 60
60 100 60
120 115 200
110 65 57
175 44 80
44 80 99
250 99 99
50 86 519
75 65 37
65 40 65
65 80 40
65 130 70
120 110 142
100 159 40
199 49 49
75 38 75
100 70 95
50 41 90
190 119 110
185 68 95
113 45 699
200 799 42
95 275 85
79 60 90
250 75 450
225 30 120
80 100 275
175 300 300
99 20 135
120 289 60
160 149 99
100 75 120
199 70 299
299 75 120
250 60 75
276 130 50
180 115 260
128 75 60
70 150 100
36 99 355
75 35 211
40 55 62
37 80 60
75 110 60
225 100 200
60 199 61
375 200 120
144 175 50
60 250 180
250 60 60
58 309 190
55 45 115
200 199 50
121 45 50
44 75 150
120 165 120
450 295 115
55 35 139
50 48 80
70 90 40
80 50 55
100 345 169
35 65 80
250 60 120
575 100 450
33 55 80
30 160 1500
25 128 450
80 128 40
40 150 53
90 30 62
45 125 110
99 50 90
42 400 67
150 60 90
42 190 300
189 120 150
85 35 1978
1494 3512 600
85 150 50
115 31 53
890 80 50
179 130 85
800 40 135
80 90 159
150 40 59
500 100 159
119 42 49
76 97 300
93 220 175
699 96 100
100 299 160
110 220 130
70 150 180
100 250 250
125 70 40
200 53 55
799 48 60
69 295 60
65 115 300
45 175 1000
150 200 55
160 110 180
90 125 68
365 71 150
185 145 148
46 165 225
180 250 170
175 100 150
70 100 180
98 96 167
85 500 98
125 75 280
99 400 290
37 80 295
160 382 45
245 80 75
230 250 145
100 80 100
300 55 250
170 100 418
110 140 75
250 65 75
30 69 60
69 69 140
450 220 210
65 58 150
245 245 200
229 204 100
156 30 240
132 130 404
234 425 235
503 250 40
258 392 375
231 194 240
229 230 472
256 149 40
95 150 51
175 75 125
282 200 999
454 262 472
203 247 377
229 234 503
228 404 252
229 431 412
403 229 227
205 85 194
214 229 185
234 201 229
244 227 451
241 252 250
419 505 228
242 175 221
203 228 215
300 198 468
227 236 244
120 248 241
390 230 230
227 214 188
247 220 196
218 130 396
214 50 196
380 229 498
215 231 234
212 228 214
214 201 214
235 165 256
248 216 223
229 200 110
150 55 65
150 100 68
100 215 65
85 50 255
37 300 75
50 64 225
50 35 170
211 95 52
64 85 200
41 54 55
195 33 220
210 50 612
45 650 129
175 65 70
195 128 150
80 300 215
40 80 77
95 100 49
120 89 26
170 65 120
150 57 108
70 89 99
115 90 135
119 136 67
365 97 100
220 200 45
145 195 75
160 25 85
38 150 75
60 55 100
125 140 1200
177 50 999
999 999 60
60 158 140
60 60 130
140 100 125
74 65 500
30 650 125
65 80 379
189 321 285
40 42 90
145 400 150
61 50 95
160 40 40
28 42 42
42 42 37
225 43 160
115 27 40
159 150 155
249 85 188
488 55 425
133 300 79
100 57 260
1497 55 51
95 125 275
35 35 26
26 175 95
215 95 66
239 239 209
306 60 110
750 67 75
200 60 190
85 125 50
172 80 58
179 49 166
133 220 62
125 80 70
40 250 100
179 240 55
317 515 57
175 41 180
35 200 60
125 200 70
220 25 100
75 108 250
62 65 1250
180 85 325
104 77 50
120 70 95
150 42 180
110 52 180
80 90 79
100 420 500
135 51 64
48 500 55
55 55 282
192 202 169
200 169 172
199 202 150
160 204 112
150 179 99
110 29 150
60 175 78
96 74 100
2850 240 120
35 120 190
400 210 310
66 175 100
100 75 175
55 75 30
69 65 85
143 206 65
150 107 500
87 175 48
82 78 105
285 250 83
35 86 76
150 80 145
149 150 55
33 62 175
90 85 47
62 47 47
90 199 40
90 150 125
350 70 36
175 75 160
150 295 295
125 215 115
175 299 146
250 161 140
55 235 200
48 66 47
59 59 70
47 47 85
300 160 100
220 58 145
67 70 35
50 500 126
48 139 123
135 73 369
35 39 120
50 125 60
200 55 130
200 185 500
540 120 700
990 150 280
135 69 110
180 257 243
39 95 65
165 59 35
115 350 105
100 107 308
99 50 70
43 35 300
395 105 80
120 48 51
120 260 82
45 23 37
115 300 316
228 32 79
75 95 100
225 200 160
42 95 90
89 35 83
349 90 100
150 80 75
278 150 40
65 90 199
106 55 28
132 35 29
35 100 42
43 100 35
40 38 40
35 60 160
147 80 135
484 211 388
407 425 432
205 248 396
376 93 125
230 416 50
134 129 93
150 100 235
51 45 180
202 50 160
65 90 50
220 67 45
250 190 42
109 50 150
40 150 137
44 350 275
150 60 125
174 65 192
185 70 166
55 55 130
95 115 37
350 506 165
160 650 40
200 102 359
190 150 150
168 125 40
170 85 128
150 125 95
100 100 58
100 100 100
100 100 100
100 499 100
199 100 100
249 249 100
249 209 250
305 230 325
280 275 220
230 350 324
379 299 359
304 146 149
73 42 42
150 840 315
315 315 100
74 45 300
105 135 200
75 300 185
45 199 60
180 80 39
113 234 150
50 302 350
350 120 55
110 170 189
42 45 132
175 130 94
239 375 450
120 27 125
60 250 175
50 72 160
35 80 55
75 151 30
225 150 55
40 150 85
80 111 82
262 244 240
1315 110 50
38 33 217
220 150 123
50 39 85
100 110 250
85 85 80
30 120 45
70 44 181
37 65 70
650 53 51
150 199 140
170 65 79
36 145 35
55 149 99
45 28 55
400 115 39
84 158 175
300 150 95
140 108 28
145 60 80
52 145 48
75 50 101
62 175 55
60 59 145
140 33 33
75 63 62
65 199 150
130 190 100
139 50 339
129 200 76
125 231 300
140 165 300
63 65 290
59 55 40
80 450 35
69 80 250
225 135 168
250 50 125
50 70 110
180 300 489
69 53 99
115 150 69
99 42 220
65 40 105
79 60 488
95 45 139
56 55 68
221 58 40
189 40 250
135 55 169
100 324 90
95 75 140
90 90 223
150 70 45
260 53 97
140 321 25
104 95 90
150 50 300
80 375 40
325 175 33
170 130 200
212 38 110
42 197 160
80 48 100
125 200 130
400 90 50
45 55 180
239 50 50
149 33 100
177 64 30
35 68 44
60 177 50
300 300 400
39 219 80
70 77 80
50 60 47
50 95 260
159 55 120
135 325 190
52 60 199
200 45 60
52 45 45
49 55 35
60 65 33
100 45 95
175 446 140
110 65 150
99 55 128
28 180 115
133 65 115
150 100 122
35 39 35
59 30 25
60 175 325
115 120 55
100 50 131
50 100 66
190 370 220
165 99 65
70 120 145
90 100 90
65 175 170
35 45 64
80 90 105
230 65 60
170 65 55
95 107 209
35 199 112
200 50 25
299 100 185
50 89 90
200 80 150
200 117 117
180 150 93
75 60 81
70 79 21
35 40 80
7500 75 225
70 168 55
89 62 62
68 200 62
62 75 200
250 80 85
195 3613 225
75 90 75
75 143 75
75 75 299
42 35 82
60 46 343
80 150 75
86 319 100
260 70 100
64 50 65
65 117 125
249 93 400
135 150 50
100 250 100
168 40 82
85 160 160
72 150 80
60 80 150
250 45 35
50 443 195
83 50 70
260 175 42
520 300 250
175 170 42
73 95 100
160 45 250
60 35 160
69 35 49
110 94 82
35 299 120
382 204 55
279 52 300
388 40 195
40 109 400
45 35 70
70 130 70
99 75 24
220 50 39
175 70 350
120 129 50
35 45 82
180 55 65
84 150 55
70 78 148
350 285 129
370 150 85
75 2600 110
80 100 250
150 110 122
375 399 201
150 95 69
75 103 150
46 95 35
199 80 62
65 85 109
90 175 190
170 130 600
100 150 79
290 110 50
53 80 200
180 80 260
190 45 75
100 75 50
125 95 126
150 40 125
4100 180 165
85 199 90
263 89 65
45 70 250
60 65 130
135 140 399
75 89 250
131 58 700
120 100 85
215 199 150
85 85 98
293 125 65
85 120 69
63 250 58
310 41 261
80 39 180
100 175 44
177 49 44
44 149 300
140 35 140
75 90 74
396 70 100
100 100 180
220 195 75
310 300 85
85 65 310
50 78 275
250 50 275
85 41 144
69 230 69
40 151 275
180 55 120
350 60 75
110 129 129
55 217 37
299 120 65
135 75 700
159 100 100
300 85 45
75 100 45
135 71 210
70 165 165
55 209 125
794 146 197
297 166 166
135 500 90
140 80 200
200 250 190
35 125 280
249 200 75
124 120 125
37 58 95
100 105 214
250 32 160
165 300 70
51 85 75
111 150 175
180 165 395
90 52 1145
225 250 1306
135 150 35
40 336 320
150 250 46
140 75 60
400 208 79
208 72 90
70 220 200
525 140 80
95 65 75
125 75 35
35 55 64
60 450 47
163 47 75
196 174 295
60 100 199
47 105 50
100 595 185
35 70 80
210 45 110
109 180 39
245 150 132
139 130 228
236 70 97
55 150 49
49 65 50
110 45 49
150 55 195
75 55 59
59 55 135
248 48 300
55 560 52
5100 65 89
39 133 65
150 169 169
70 169 65
169 380 300
120 200 285
175 169 60
70 169 169
169 70 169
169 90 90
90 90 109
144 142 250
80 58 50
89 159 60
160 499 25
120 124 70
70 127 69
150 295 800
95 32 70
180 74 49
81 898 25
100 230 59
55 100 45
138 60 85
49 160 45
60 55 45
150 69 59
87 65 85
300 55 70
95 240 50
65 240 47
120 54 200
419 95 150
55 200 35
78 450 167
65 88 40
175 135 70
109 95 95
65 50 56
125 160 99
120 950 110
45 327 110
190 120 99
350 50 80
57 38 140
165 200 750
150 165 50
65 125 250
50 115 70
40 80 85
120 300 260
80 74 60
100 47 245
75 135 65
130 173 100
120 105 72
79 140 49
134 160 140
120 50 120
155 260 130
70 89 42
159 70 50
99 50 130
99 60 90
1000 106 115
38 69 65
75 250 275
249 799 147
110 90 62
600 67 58
120 39 235
182 150 120
100 350 90
194 145 470
247 50 260
80 210 70
33 80 62
171 125 350
395 72 70
55 225 57
99 35 89
135 85 85
60 60 219
442 250 160
240 80 190
199 250 949
60 180 59
300 120 39
50 150 51
100 60 250
68 100 189
98 400 110
49 300 30
135 113 55
100 285 45
195 78 42
110 99 47
51 170 100
125 115 43
439 348 150
50 57 43
65 250 160
130 505 425
425 150 50
62 380 49
206 123 145
206 75 350
76 200 35
49 150 150
195 140 35
65 65 65
50 40 40
180 115 69
40 39 99
334 40 38
332 64 100
110 245 135
299 150 53
212 299 110
60 70 65
90 174 260
200 50 24
35 70 110
85 95 425
150 119 45
135 100 219
159 50 150
34 175 109
140 26 175
299 234 230
230 125 217
182 152 125
219 207 289
330 29 289
150 120 40
228 203 49
183 800 50
149 55 108
160 60 52
39 89 57
57 40 55
290 45 150
50 165 68
195 45 66
40 309 240
240 219 125
130 50 51
82 200 150
360 400 45
89 75 75
47 105 90
75 30 499
250 24 79
280 75 58
55 65 65
63 250 200
104 65 45
175 65 150
215 419 215
195 225 65
306 90 700
200 230 150
55 600 68
70 79 175
140 180 37
395 75 50
85 130 225
150 105 85
69 60 85
60 41 130
149 100 600
227 244 150
472 474 214
235 244 495
60 398 260
230 95 229
90 240 90
236 229 160
229 154 200
35 169 75
240 75 50
95 120 60
229 130 100
164 150 355
150 89 1799
45 395 70
134 200 215
85 350 48
65 271 125
70 250 159
155 159 699
300 165 140
75 51 80
700 90 64
150 549 100
149 50 550
65 99 199
60 154 120
50 70 60
26 65 250
70 65 25
115 325 75
50 65 70
39 75 170
80 71 33
100 70 275
274 140 130
49 100 85
65 150 250
250 139 110
180 300 300
200 220 69
45 119 125
145 59 225
125 100 800
53 100 150
140 53 89
90 66 115
120 165 353
115 120 137
150 4200 129
100 220 59
100 199 100
115 349 110
75 60 170
56 80 99
85 100 117
249 120 36
100 31 75
78 75 85
160 290 50
35 67 265
180 180 36
55 60 250
60 60 250
65 60 60
420 60 155
60 60 100
60 60 60
60 255 229
235 175 60
60 40 60
50 60 390
140 475 150
228 70 54
350 55 79
250 64 65
90 44 101
33 162 105
420 46 36
45 119 90
120 160 65
100 35 55
85 88 160
70 76 90
200 59 35
160 300 269
99 65 34
150 185 165
125 150 100
88 99 151
105 345 150
57 120 34
65 200 47
100 129 150
165 66 35
63 65 100
180 352 150
225 360 28
170 61 79
325 28 100
199 200 300
145 81 81
81 81 100
81 165 75
92 70 34
65 34 60
34 140 95
34 40 60
120 130 35
189 44 135
55 199 400
129 225 75
35 35 159
36 190 70
186 150 75
75 45 68
135 103 85
200 95 56
90 60 24
45 44 120
450 24 34
34 98 34
500 34 34
195 34 62
20 34 34
34 75 75
95 34 25
130 40 45
150 220 85
135 42 75
85 140 99
140 250 190
175 65 65
339 175 700
65 100 249
84 500 149
85 79 225
160 54 53
90 65 130
55 250 130
90 80 40
40 75 200
40 80 150
69 130 200
110 54 54
50 49 150
60 60 100
55 69 40
180 350 66
120 69 70
350 179 115
90 65 50
45 100 83
72 98 110
250 72 73
250 150 77
120 165 199
120 49 149
68 75 90
150 89 228
256 188 240
255 199 228
166 99 150
99 150 250
790 161 123
299 49 125
123 120 75
190 225 50
95 59 250
65 616 408
100 264 6800
75 50 60
80 49 377
274 314 314
199 85 239
118 90 91
90 100 180
250 205 69
92 59 149
396 215 120
99 99 100
180 68 169
66 160 89
68 70 40
90 90 99
50 57 200
111 130 119
194 500 500
125 200 65
245 150 60
75 100 590
130 550 100
100 200 150
130 115 95
111 200 198
149 140 140
55 60 49
195 78 140
85 107 140
45 75 180
70 169 350
90 500 54
170 92 59
190 70 365
150 208 70
75 150 135
210 44 85
79 60 75
75 75 195
75 75 100
24 60 60
250 149 126
130 190 90
69 945 155
450 178 40
690 32 250
35 35 45
295 244 409
185 95 230
100 164 78
105 165 250
28 225 54
240 275 55
250 50 135
370 430 159
390 410 265
150 38 101
120 150 225
55 199 200
59 75 28
73 210 199
120 164 45
78 38 38
256 468 229
1000 89 150
500 74 217
203 305 65
127 99 37
50 195 36
120 120 499
35 67 60
75 63 189
80 59 65
59 50 55
650 267 316
229 262 63
95 45 58
58 58 50
58 58 100
63 27 125
470 225 229
470 228 239
40 59 150
99 99 380
125 50 300
100 200 320
52 304 239
65 300 60
79 50 350
539 249 250
249 49 499
87 250 250
60 50 350
426 50 101
60 100 250
250 168 90
150 70 222
70 200 48
699 249 577
46 50 125
39 27 380
75 499 299
65 200 157
145 240 299
53 699 247
311 99 60
299 250 150
370 195 85
93 199 45
120 189 129
280 38 150
145 95 33
65 220 139
125 500 277
180 699 162
52 176 500
68 182 86
30 150 189
155 199 200
270 199 199
199 199 199
129 149 149
257 185 149
149 159 159
219 159 219
275 113 50
249 182 190
595 68 50
135 120 65
189 90 187
202 43 200
190 184 187
60 2000 215
200 50 335
50 89 70
65 225 18
22 199 20
204 70 155
95 72 65
75 40 450
150 75 300
135 135 300
30 100 48
40 750 150
50 109 56
199 120 80
95 50 70
110 259 190
875 100 200
100 80 249
300 150 128
120 134 389
38 70 380
75 115 239
140 180 45
29 27 70
210 499 109
129 60 299
150 140 94
300 160 200
132 97 67
395 139 129
100 65 50
51 130 59
50 55 89
60 175 85
170 60 50
130 100 120
200 95 120
129 70 230
250 60 50
150 24 79
180 359 179
135 189 299
100 70 250
499 300 64
35 59 69
120 349 168
589 325 63
265 100 271
175 271 285
200 449 200
100 298 75
60 699 65
55 699 192
699 279 120
699 350 217
112 120 173
45 110 25
438 49 99
175 154 650
247 140 125
55 90 35
380 299 70
180 209 159
463 220 187
215 159 130
38 90 200
140 40 399
40 200 90
145 190 58
341 175 280
58 150 90
53 299 53
190 179 190
700 49 85
190 49 50
149 80 85
94 95 42
250 145 79
389 50 150
110 50 159
130 61 179
130 120 195
70 45 75
75 76 50
220 100 141
175 200 200
240 100 150
60 182 55
55 150 688
123 230 179
70 180 179
150 240 130
89 150 88
165 160 379
36 32 200
98 99 65
115 270 54
100 100 230
270 75 85
449 399 85
100 82 65
100 85 95
290 190 120
161 305 269
113 135 595
250 299 69
149 199 399
50 48 365
75 150 50
150 200 250
150 150 350
335 40 399
100 320 150
120 69 250
64 340 40
47 49 119
48 65 250
325 485 110
115 55 99
148 95 300
95 70 50
40 145 65
149 42 89
300 43 78
25 25 103
349 150 55
157 160 479
280 69 499
35 60 58
120 58 299
299 58 58
99 100 79
299 200 128
149 58 89
99 79 89
155 99 65
79 399 70
80 600 90
100 125 60
91 130 250
140 29 134
125 119 200
360 43 280
60 309 215
150 49 115
85 500 85
69 70 40
40 135 90
28 37 150
170 750 85
254 50 28
140 367 130
165 55 45
96 70 35
60 150 345
100 100 100
100 100 100
100 65 65
259 100 78
178 135 45
70 265 140
130 175 109
199 299 159
341 153 320
549 60 290
149 150 150
59 90 165
130 38 255
175 95 110
599 160 38
200 175 38
38 250 243
100 100 400
350 475 475
425 450 375
450 500 425
450 450 425
100 100 100
100 100 100
100 100 100
100 100 100
100 100 100
100 100 100
100 100 100
100 100 100
100 100 100
100 211 300
100 100 100
100 100 100
100 100 100
100 100 100
100 100 100
100 100 100
100 100 100
300 100 100
100 100 100
100 100 100
100 100 100
290 400 250
60 150 100
425 175 275
945 47 79
179 150 154
65 109 280
60 100 500
149 620 210
155 98 65
200 115 285
140 72 54
90 500 215
86 305 99
340 340 560
125 90 50
70 100 350
115 100 105
100 100 100
100 100 100
105 100 350
73 300 250
500 250 350
300 350 400
350 150 150
325 100 185
69 140 85
140 60 120
150 150 110
120 400 50
100 250 125
130 299 950
580 583 275
299 650 309
223 55 200
140 65 250
85 275 55
49 94 70
70 34 45
390 129 310
78 200 115
275 170 349
48 97 120
222 48 43
150 94 55
48 285 95
179 100 164
302 75 100
325 100 130
130 254 100
224 999 35
160 69 220
189 120 140
15 250 249
49 75 300
200 2500 314
43 381 377
299 306 120
150 85 180
420 299 245
110 135 65
146 125 400
175 159 49
20 125 64
99 88 119
199 115 36
99 100 99
150 34 199
150 240 175
45 350 70
180 149 69
70 35 92
75 75 125
60 35 107
250 75 62
100 150 130
299 130 250
70 92 60
100 44 175
350 290 200
94 50 690
60 250 210
400 60 300
300 36 119
300 91 200
20 150 350
87 98 150
60 86 240
255 40 180
55 75 60
75 100 70
250 99 210
55 169 89
40 40 130
150 36 333
45 199 75
200 200 30
100 60 30
275 275 255
250 50 43
85 250 100
449 150 200
350 500 150
85 110 120
300 50 585
73 40 150
349 80 84
200 85 100
55 100 350
125 35 75
35 60 83
130 275 54
99 225 120
86 59 75
45 90 110
100 250 80
250 300 65
38 150 350
250 269 85
250 315 100
130 70 139
149 110 120
100 110 90
200 28 125
499 92 28
59 99 39
100 43 28
180 28 460
50 75 109
65 89 199
42 90 42
65 69 1900
85 195 320
100 100 172
220 55 185
200 85 50
175 75 95
57 120 115
278 190 100
190 150 140
100 180 80
59 98 100
80 50 32
110 51 80
68 150 289
90 65 212
40 500 65
60 99 82
90 51 56
265 56 219
68 300 160
250 125 199
68 120 85
28 175 123
140 90 120
250 250 29
50 479 75
50 85 150
60 110 225
175 500 79
490 94 140
28 80 40
109 75 115
328 114 55
166 325 200
80 499 499
250 100 120
58 50 52
33 90 89
217 150 76
70 75 650
75 99 249
75 70 75
85 75 90
450 300 195
300 500 199
145 99 77
55 90 100
175 60 125
120 50 395
99 200 55
225 200 300
220 300 190
300 300 190
200 1250 70
799 659 650
650 260 250
399 55 130
43 475 200
55 99 289
499 61 55
180 25 25
25 55 80
60 299 24
125 180 95
250 200 299
93 225 310
1000 90 120
90 75 75
64 249 44
50 55 400
150 110 93
370 129 830
196 250 90
440 52 105
40 159 489
125 310 203
165 154 27
220 300 150
13 200 300
89 289 650
70 399 590
110 289 117
250 150 125
50 160 229
265 200 7500
200 120 200
50 200 130
188 150 200
375 85 93
175 65 275
75 85 150
68 450 150
63 90 42
75 106 125
50 199 155
175 199 120
135 101 299
268 120 200
150 55 85
45 2500 550
150 194 140
89 175 151
54 120 55
50 137 137
70 137 65
120 117 90
150 137 250
99 75 55
40 250 200
180 250 200
152 245 40
459 350 55
55 650 70
350 275 78
105 60 149
35 36 38
120 50 32
95 150 100
850 145 650
175 190 140
169 85 68
80 65 210
699 79 89
80 130 70
60 58 135
150 58 40
300 245 35
59 600 150
245 145 145
145 145 158
145 50 165
174 150 239
150 80 200
100 69 150
60 499 300
55 300 200
140 399 310
250 110 300
180 250 79
200 300 200
190 120 150
299 48 300
100 68 173
850 50 169
85 175 150
118 399 108
160 248 160
190 130 225
175 80 130
60 102 129
131 80 100
200 975 4200
80 895 150
290 170 170
70 499 37
447 35 447
600 37 255
320 795 65
995 56 695
300 150 1800
295 56 595
300 119 300
150 195 300
900 210 295
225 120 250
600 220 450
150 200 399
200 300 389
495 200 28
200 72 200
75 160 85
73 100 88
150 125 30
75 100 100
100 302 400
180 189 175
189 145 350
92 300 60
177 230 177
160 184 194
400 200 550
202 275 277
162 217 180
149 50 295
70 295 495
1099 129 400
181 428 123
88 20 89
42 80 150
111 90 109
68 38 69
360 145 120
650 250 599
200 150 100
330 150 179
185 200 50
650 180 75
700 300 220
180 60 75
155 180 180
180 400 60
135 79 100
77 59 77
137 100 69
120 69 120
180 60 200
549 50 136
65 125 295
385 479 99
260 45 235
87 198 275
134 199 59
198 11 80
50 150 140
181 395 45
65 57 65
400 325 99
90 600 70
60 100 89
255 350 88
65 160 180
299 250 190
100 50 150
160 80 150
140 75 279
169 395 80
300 285 30
22 390 500
500 500 97
150 125 200
294 165 50
295 100 180
89 199 199
110 250 70
99 125 90
210 50 150
55 200 150
50 60 70
34 50 350
225 130 151
75 65 100
150 68 650
425 445 1750
225 220 154
98 210 140
70 52 295
339 87 100
160 250 65
135 300 94
390 50 450
289 175 300
400 30 49
210 150 40
191 550 110
39 250 225
65 235 109
300 590 171
249 65 49
100 96 585
40 25 29
80 200 350
25 75 350
179 50 160
150 99 80
110 399 425
250 399 399
399 500 179
299 124 124
420 109 42
279 42 125
60 42 150
75 229 110
99 86 90
46 140 99
499 125 47
60 110 50
66 130 365
319 57 150
195 120 99
500 70 55
600 150 100
120 229 67
125 100 55
209 290 75
100 28 100
250 60 89
69 79 60
210 170 227
450 51 500
175 88 500
165 100 140
80 195 225
140 131 163
995 275 70
70 348 60
60 945 70
159 159 125
200 42 395
42 150 208
110 142 198
165 500 100
130 500 110
35 319 150
300 295 150
369 59 95
74 100 329
100 100 444
250 150 25
550 900 50
25 220 200
250 350 375
395 150 280
40 300 225
58 59 45
96 275 305
71 90 45
50 114 100
120 130 110
175 260 209
125 249 55
130 490 45
60 300 900
225 205 400
360 307 199
320 85 55
189 920 500
225 400 900
225 89 170
65 800 210
55 390 275
750 450 295
50 930 75
49 70 90
350 599 36
70 36 70
150 35 40
230 40 459
100 95 196
110 179 330
78 349 75
700 38 177
140 50 200
950 332 416
75 60 126
86 50 75
255 100 170
65 59 169
145 249 500
80 99 245
49 67 66
250 475 42
750 50 109
350 109 55
80 50 289
65 210 75
125 37 160
70 78 50
41 43 33
33 32 48
34 30 32
120 28 33
80 78 75
79 30 130
200 399 55
153 50 250
160 80 235
250 190 52
42 250 115
149 80 250
225 60 85
39 95 350
78 382 124
150 150 90
60 86 2995
69 145 249
55 125 199
229 199 50
225 180 62
480 48 250
120 125 249
300 198 250
66 335 95
300 330 131
99 56 305
195 250 200
150 30 250
500 165 260
145 140 150
199 70 41
69 119 75
185 125 220
550 100 150
225 86 270
69 90 63
350 121 999
60 60 180
80 80 500
60 180 90
299 180 125
225 60 125
279 250 4500
300 180 85
150 175 110
450 120 358
235 200 175
139 55 150
700 450 200
75 250 50
230 71 140
42 300 342
290 70 321
75 95 100
200 175 150
75 189 275
75 189 50
269 299 150
190 100 250
250 347 75
50 250 120
82 45 140
250 220 110
275 160 225
500 295 190
125 99 100
225 350 120
90 65 67
295 70 299
40 190 198
168 289 225
171 60 66
77 125 50
85 349 400
140 125 1200
90 90 220
400 215 250
170 94 195
175 30 40
400 100 185
149 226 150
214 45 177
250 489 250
650 250 150
30 250 400
400 350 500
489 78 99
450 300 500
200 500 85
129 385 119
189 89 100
65 100 220
190 200 125
100 230 160
185 185 80
450 70 340
249 120 35
108 288 150
199 135 75
223 150 120
199 300 80
60 450 88
89 185 50
88 89 300
575 600 88
88 225 800
30 79 220
172 99 58
89 220 190
55 55 65
202 60 475
305 60 262
70 300 74
48 48 200
48 48 48
48 48 48
48 48 48
199 48 48
48 48 48
48 200 249
209 45 210
100 900 180
300 400 38
150 140 175
60 35 219
350 85 450
55 99 70
60 99 300
349 264 149
220 58 100
299 299 55
75 850 44
200 49 60
203 211 38
350 100 150
320 28 25
25 1750 25
249 60 240
325 95 250
38 35 100
200 60 69
159 63 64
34 79 45
119 165 80
150 75 35
259 100 180
200 395 150
97 475 250
200 650 184
89 189 198
125 500 275
130 31 85
50 105 100
300 275 290
160 178 60
85 200 95
220 145 55
99 97 249
90 55 50
249 200 950
149 180 109
50 50 100
85 179 50
190 120 90
750 90 200
280 200 130
65 120 197
67 250 35
100 100 100
100 350 65
50 250 55
299 50 499
120 36 49
170 465 46
120 175 150
70 55 95
50 250 57
85 300 40
35 89 60
49 100 99
67 100 50
159 250 240
135 60 160
125 50 800
68 165 600
900 80 90
175 180 600
65 139 110
32 145 109
350 60 95
275 187 100
250 149 70
80 843 67
150 129 70
140 46 213
59 65 75
225 66 200
395 400 215
500 75 145
46 179 132
79 150 90
450 210 69
120 209 800
128 149 429
135 95 160
130 320 87
205 305 144
167 100 168
425 115 46
38 60 300
159 600 185
99 140 290
180 170 200
170 400 99
425 175 20
350 149 350
220 200 170
200 175 161
300 125 80
160 190 75
365 150 55
190 80 75
130 78 90
85 39 75
150 37 12
300 110 54
45 119 35
190 220 99
200 65 50
60 41 350
70 54 100
100 90 196
78 100 320
129 80 85
40 140 100
56 100 180
150 65 100
75 95 65
49 120 40
90 249 300
800 400 240
400 49 179
35 400 250
129 475 35
10 90 100
200 125 50
135 199 295
140 358 89
358 85 111
100 265 295
417 65 150
57 75 180
59 54 40
350 230 95
299 55 239
51 74 40
120 200 200
200 200 450
32 58 63
45 55 210
65 31 35
72 34 225
300 100 80
130 100 219
65 150 297
100 450 60
60 235 67
120 226 25
350 275 65
39 99 100
85 60 300
75 140 130
75 251 75
100 295 310
69 125 51
80 395 450
500 99 42
50 249 49
210 225 59
35 90 250
125 80 200
98 105 285
159 279 60
91 99 130
70 52 69
118 30 195
125 79 300
30 79 59
2000 30 79
80 75 115
30 175 89
150 30 150
80 160 43
260 300 145
400 30 250
250 48 400
145 140 60
145 315 300
95 199 100
60 250 150
160 70 150
90 300 1400
97 150 300
250 300 325
44 30 750
115 80 135
49 270 200
200 70 30
80 249 400
399 30 30
45 295 449
249 48 400
149 350 125
120 249 299
195 101 40
90 35 50
70 400 59
290 48 85
75 60 80
95 225 150
90 50 175
249 399 380
399 79 649
160 380 450
198 200 195
140 55 59
65 125 70
85 115 50
50 58 200
280 379 200
175 150 70
80 65 260
50 160 100
80 35 85
100 75 140
299 62 45
55 99 130
300 75 350
195 60 110
70 50 80
33 399 350
100 95 46
86 85 66
105 199 150
135 120 120
89 135 43
500 130 139
150 180 270
70 130 275
650 160 120
220 190 61
189 70 199
145 100 180
190 190 70
1100 190 49
190 36 340
300 300 101
190 50 50
80 125 60
200 40 55
110 100 225
60 225 199
100 225 50
250 350 199
350 45 65
199 169 50
210 95 189
145 159 299
399 85 75
145 168 150
225 177 199
139 50 300
280 295 280
116 155 175
120 59 155
165 250 165
295 150 750
140 115 199
140 80 151
75 288 188
195 250 50
100 99 125
50 78 215
60 100 175
87 150 177
54 115 223
220 75 125
115 50 250
125 189 89
500 50 220
60 65 70
80 80 309
78 119 600
50 65 323
300 170 1500
174 56 350
350 129 175
150 150 125
180 229 99
80 170 63
198 180 550
90 130 135
165 165 600
70 65 230
60 135 49
156 300 269
35 125 250
80 50 300
67 400 169
75 140 50
39 39 350
99 275 120
282 185 275
110 90 299
75 168 30
495 100 30
79 53 595
500 189 299
70 350 80
80 100 200
180 45 750
50 75 135
150 150 600
99 85 190
129 89 375
90 450 220
50 220 60
225 100 100
280 65 45
62 315 500
399 164 60
180 499 35
229 50 79
307 225 145
85 110 40
180 299 60
199 299 80
80 450 115
100 150 85
375 105 179
250 195 189
195 150 100
100 55 699
30 350 230
350 100 49
699 190 110
30 99 63
45 220 179
249 60 250
200 290 88
199 125 79
550 300 225
260 185 280
249 90 47
128 220 258
90 400 79
100 66 425
425 235 84
135 100 346
80 200 125
170 125 65
1600 800 200
100 250 44
112 122 380
60 90 100
225 120 95
60 59 420
60 150 140
285 135 199
69 289 70
105 129 105
116 199 196
175 128 250
100 150 60
80 80 57
59 130 50
75 85 45
350 50 119
120 200 190
133 50 123
260 599 300
250 79 129
185 75 62
49 65 140
180 143 52
54 60 300
50 71 168
195 50 50
800 168 45
40 150 75
70 250 139
345 220 399
125 169 105
99 70 125
150 151 80
49 320 116
149 100 90
60 56 15
40 82 350
99 99 48
100 146 150
80 67 180
269 110 279
650 150 48
129 150 134
50 225 125
44 75 180
135 180 180
125 50 240
75 125 244
95 95 90
209 90 149
120 100 77
48 99 150
49 40 68
75 250 40
50 159 120
180 55 75
69 185 42
6500 42 99
229 200 125
50 1050 385
99 50 75
155 90 300
115 210 70
172 270 80
79 75 250
120 60 100
202 90 75
110 50 79
109 170 70
68 1308 70
125 65 255
320 130 119
50 165 75
46 70 75
147 69 299
164 55 85
37 95 390
100 80 185
148 170 197
69 97 122
560 315 222
90 56 175
350 583 200
175 69 125
85 190 25
34 150 55
42 209 179
300 150 100
45 350 149
99 100 39
49 129 180
150 40 89
300 59 89
89 99 150
150 150 80
250 185 250
145 170 51
90 80 80
90 55 85
300 550 55
99 50 60
85 45 240
150 229 200
135 75 115
595 280 200
150 75 175
200 180 250
250 157 198
60 78 320
50 250 250
110 130 35
73 69 67
300 69 150
69 85 69
69 95 54
150 39 45
150 85 70
139 250 132
195 500 150
100 50 70
561 200 60
209 55 159
220 115 220
99 75 250
65 90 250
250 38 65
209 200 75
35 50 50
150 33 46
65 250 100
225 89 134
50 45 55
199 90 98
125 179 260
250 115 129
250 199 99
125 139 1000
95 90 150
215 245 100
155 122 35
80 65 45
45 229 200
78 110 135
999 200 50
2999 1999 200
50 195 70
600 150 25
180 80 35
55 162 95
80 50 30
250 125 190
70 50 120
45 75 85
59 69 275
95 161 30
125 80 99
85 35 35
750 44 120
125 40 234
39 167 200
225 70 70
120 103 66
55 89 200
89 120 100
160 135 150
199 150 70
150 120 200
99 67 150
250 125 600
117 99 60
34 240 130
50 85 40
60 150 150
170 138 85
75 35 100
50 41 249
137 65 270
199 91 160
115 200 46
50 100 150
55 220 39
178 29 33
45 75 70
125 350 242
88 195 400
77 150 180
125 50 220
100 77 77
45 77 51
85 77 40
77 200 77
51 100 125
99 190 200
199 250 135
120 100 180
170 95 39
100 330 109
230 55 150
100 299 180
159 60 225
94 207 170
40 57 300
210 90 70
400 45 50
280 150 16
300 30 181
58 55 40
105 84 450
379 79 95
45 55 165
65 65 60
250 129 109
450 520 316
450 74 75
37 349 150
44 72 169
120 70 250
1369 150 75
45 299 350
269 269 100
65 450 68
1749 150 275
320 60 46
185 325 75
100 75 63
140 103 65
45 70 75
169 43 250
285 100 275
321 303 466
338 343 269
421 314 333
38 75 80
202 35 40
150 39 120
45 40 107
59 110 40
188 70 60
75 195 55
35 239 99
75 75 200
400 90 215
239 75 100
75 65 115
50 59 75
79 40 150
75 300 45
200 240 150
400 80 80
57 299 55
60 150 200
180 430 98
128 38 38
39 39 39
110 349 33
57 80 50
47 250 200
85 139 85
78 28 101
54 49 48
57 115 40
200 75 120
45 74 60
45 66 120
100 30 200
158 350 165
299 176 55
85 50 225
70 185 115
88 450 198
75 400 185
50 200 101
350 215 120
170 180 80
60 139 101
750 180 99
325 45 110
150 107 235
137 70 60
39 125 40
89 40 396
89 40 220
89 62 45
85 393 316
385 267 278
365 178 75
50 111 150
50 99 84
110 144 50
100 550 80
90 60 499
198 245 375
369 150 150
250 45 32
60 380 129
700 350 50
46 89 60
170 110 105
245 120 65
70 250 130
35 46 35
100 119 60
40 50 55
80 129 140
250 260 75
41 80 225
45 50 80
43 235 125
70 49 140
235 70 155
150 145 99
100 140 100
39 143 75
95 50 80
200 59 100
180 110 50
80 50 169
60 80 50
200 170 50
90 199 225
20 475 50
60 47 80
70 800 140
210 350 45
205 33 37
34 180 65
159 35 30
202 150 55
345 85 68
93 145 120
130 93 95
80 58 25
25 45 99
35 260 170
50 140 60
42 45 120
120 54 40
75 190 75
200 170 125
65 70 40
115 55 90
